# comment next block is  A-A AA 1
A-A      1.9748      0.1711      0.1922      0.0015      0.0158      0.0568
A-A      0.1711      2.9137      1.3815     -0.0075     -0.0220     -0.2180
A-A      0.1922      1.3815      7.6206     -0.2054     -0.0541     -0.1587
A-A      0.0015     -0.0075     -0.2054      0.0389      0.0033      0.0060
A-A      0.0158     -0.0220     -0.0541      0.0033      0.0235      0.0083
A-A      0.0568     -0.2180     -0.1587      0.0060      0.0083      0.0461
# comment next block is  A-C AC 1
A-C      1.3410     -0.1574     -0.0059     -0.0049      0.0141      0.0051
A-C     -0.1574      2.9739      2.5929     -0.0129     -0.0022     -0.2007
A-C     -0.0059      2.5929      9.8821      0.0439      0.1089     -0.1600
A-C     -0.0049     -0.0129      0.0439      0.0411      0.0029      0.0007
A-C      0.0141     -0.0022      0.1089      0.0029      0.0267      0.0076
A-C      0.0051     -0.2007     -0.1600      0.0007      0.0076      0.0489
# comment next block is  A-G AG 1
A-G      1.6568     -0.0263     -0.0318     -0.0194     -0.0143     -0.0311
A-G     -0.0263      2.7056      1.3204      0.0078     -0.0291     -0.1764
A-G     -0.0318      1.3204      6.3875      0.0498     -0.0010     -0.1437
A-G     -0.0194      0.0078      0.0498      0.0371     -0.0027     -0.0027
A-G     -0.0143     -0.0291     -0.0010     -0.0027      0.0227      0.0057
A-G     -0.0311     -0.1764     -0.1437     -0.0027      0.0057      0.0441
# comment next block is  A-T AT 1
A-T      1.1932     -0.0965      0.0231      0.0241      0.0090     -0.0082
A-T     -0.0965      3.3095      2.4811     -0.0097     -0.0499     -0.1157
A-T      0.0231      2.4811     10.4992      0.0063      0.0927     -0.0891
A-T      0.0241     -0.0097      0.0063      0.0404      0.0007     -0.0003
A-T      0.0090     -0.0499      0.0927      0.0007      0.0272      0.0081
A-T     -0.0082     -0.1157     -0.0891     -0.0003      0.0081      0.0463
# comment next block is  C-A CA 1
C-A      1.6003     -0.2832     -0.0651      0.0040     -0.0024     -0.0102
C-A     -0.2832      2.2856      0.8160     -0.0021      0.0093     -0.0170
C-A     -0.0651      0.8160      6.2903     -0.0158     -0.0865     -0.1259
C-A      0.0040     -0.0021     -0.0158      0.0275      0.0009     -0.0005
C-A     -0.0024      0.0093     -0.0865      0.0009      0.0184      0.0049
C-A     -0.0102     -0.0170     -0.1259     -0.0005      0.0049      0.0210
# comment next block is  C-C CC 0
C-C      1.9839     -0.0572     -0.2151     -0.0653      0.0042     -0.0238
C-C     -0.0572      3.2154      1.1959     -0.0050     -0.0070     -0.2250
C-C     -0.2151      1.1959      7.3347      0.0838      0.0044     -0.1142
C-C     -0.0653     -0.0050      0.0838      0.0414      0.0009      0.0004
C-C      0.0042     -0.0070      0.0044      0.0009      0.0241      0.0044
C-C     -0.0238     -0.2250     -0.1142      0.0004      0.0044      0.0482
# comment next block is  C-G CG 1
C-G      1.3464     -0.1867     -0.0411     -0.0516      0.0106      0.0226
C-G     -0.1867      2.0342      1.4671      0.0103     -0.0205     -0.0855
C-G     -0.0411      1.4671      4.3896      0.0047     -0.0199     -0.1243
C-G     -0.0516      0.0103      0.0047      0.0278      0.0011      0.0014
C-G      0.0106     -0.0205     -0.0199      0.0011      0.0153      0.0031
C-G      0.0226     -0.0855     -0.1243      0.0014      0.0031      0.0227
# comment next block is  C-T CT 0
C-T      1.6568      0.0263      0.0318     -0.0194      0.0143      0.0311
C-T      0.0263      2.7056      1.3204     -0.0078     -0.0291     -0.1764
C-T      0.0318      1.3204      6.3875     -0.0498     -0.0010     -0.1437
C-T     -0.0194     -0.0078     -0.0498      0.0371      0.0027      0.0027
C-T      0.0143     -0.0291     -0.0010      0.0027      0.0227      0.0057
C-T      0.0311     -0.1764     -0.1437      0.0027      0.0057      0.0441
# comment next block is  G-A GA 1
G-A      1.4302      0.0259      0.0250     -0.0262      0.0112     -0.0011
G-A      0.0259      2.5179      1.1528     -0.0023     -0.0006     -0.2056
G-A      0.0250      1.1528      8.3295     -0.0829     -0.0121     -0.1276
G-A     -0.0262     -0.0023     -0.0829      0.0392     -0.0002      0.0005
G-A      0.0112     -0.0006     -0.0121     -0.0002      0.0211      0.0086
G-A     -0.0011     -0.2056     -0.1276      0.0005      0.0086      0.0422
# comment next block is  G-C GC 1
G-C      1.7614      0.3178      0.1312     -0.0478     -0.0015     -0.0012
G-C      0.3178      2.7084      2.5578     -0.0183      0.0055     -0.1929
G-C      0.1312      2.5578     10.2808     -0.0632      0.1257     -0.1603
G-C     -0.0478     -0.0183     -0.0632      0.0396     -0.0010      0.0002
G-C     -0.0015      0.0055      0.1257     -0.0010      0.0275      0.0070
G-C     -0.0012     -0.1929     -0.1603      0.0002      0.0070      0.0421
# comment next block is  G-G GG 1
G-G      1.9839      0.0572      0.2151     -0.0653     -0.0042      0.0238
G-G      0.0572      3.2154      1.1959      0.0050     -0.0070     -0.2250
G-G      0.2151      1.1959      7.3347     -0.0838      0.0044     -0.1142
G-G     -0.0653      0.0050     -0.0838      0.0414     -0.0009     -0.0004
G-G     -0.0042     -0.0070      0.0044     -0.0009      0.0241      0.0044
G-G      0.0238     -0.2250     -0.1142     -0.0004      0.0044      0.0482
# comment next block is  G-T GT 0
G-T      1.3410      0.1574      0.0059     -0.0049     -0.0141     -0.0051
G-T      0.1574      2.9739      2.5929      0.0129     -0.0022     -0.2007
G-T      0.0059      2.5929      9.8821     -0.0439      0.1089     -0.1600
G-T     -0.0049      0.0129     -0.0439      0.0411     -0.0029     -0.0007
G-T     -0.0141     -0.0022      0.1089     -0.0029      0.0267      0.0076
G-T     -0.0051     -0.2007     -0.1600     -0.0007      0.0076      0.0489
# comment next block is  T-A TA 1
T-A      1.5294      0.0516     -0.0330      0.0233     -0.0097     -0.0058
T-A      0.0516      2.2691      0.9130      0.0052     -0.0078     -0.0926
T-A     -0.0330      0.9130      5.0546     -0.0032     -0.0370     -0.0932
T-A      0.0233      0.0052     -0.0032      0.0245     -0.0001     -0.0008
T-A     -0.0097     -0.0078     -0.0370     -0.0001      0.0136      0.0084
T-A     -0.0058     -0.0926     -0.0932     -0.0008      0.0084      0.0357
# comment next block is  T-C TC 0
T-C      1.4302     -0.0259     -0.0250     -0.0262     -0.0112      0.0011
T-C     -0.0259      2.5179      1.1528      0.0023     -0.0006     -0.2056
T-C     -0.0250      1.1528      8.3295      0.0829     -0.0121     -0.1276
T-C     -0.0262      0.0023      0.0829      0.0392      0.0002     -0.0005
T-C     -0.0112     -0.0006     -0.0121      0.0002      0.0211      0.0086
T-C      0.0011     -0.2056     -0.1276     -0.0005      0.0086      0.0422
# comment next block is  T-G TG 0
T-G      1.6003      0.2832      0.0651      0.0040      0.0024      0.0102
T-G      0.2832      2.2856      0.8160      0.0021      0.0093     -0.0170
T-G      0.0651      0.8160      6.2903      0.0158     -0.0865     -0.1259
T-G      0.0040      0.0021      0.0158      0.0275     -0.0009      0.0005
T-G      0.0024      0.0093     -0.0865     -0.0009      0.0184      0.0049
T-G      0.0102     -0.0170     -0.1259      0.0005      0.0049      0.0210
# comment next block is  T-T TT 0
T-T      1.9748     -0.1711     -0.1922      0.0015     -0.0158     -0.0568
T-T     -0.1711      2.9137      1.3815      0.0075     -0.0220     -0.2180
T-T     -0.1922      1.3815      7.6206      0.2054     -0.0541     -0.1587
T-T      0.0015      0.0075      0.2054      0.0389     -0.0033     -0.0060
T-T     -0.0158     -0.0220     -0.0541     -0.0033      0.0235      0.0083
T-T     -0.0568     -0.2180     -0.1587     -0.0060      0.0083      0.0461
