# comment next block is  AA
A-A      4.0362      1.6570      2.1884     -0.1544      0.0177      0.1787
A-A      1.6570      6.1920      1.7612     -0.1046     -0.1336      0.0282
A-A      2.1884      1.7612     22.0544     -0.3060      0.0848      0.0835
A-A     -0.1544     -0.1046     -0.3060      0.0999     -0.0013      0.0004
A-A      0.0177     -0.1336      0.0848     -0.0013      0.0487      0.0312
A-A      0.1787      0.0282      0.0835      0.0004      0.0312      0.0926
# comment next block is  AC
A-C      2.9168     -0.0722     -0.7035     -0.0367     -0.0442     -0.0406
A-C     -0.0722      6.2915      3.0594      0.0041      0.0572     -0.0508
A-C     -0.7035      3.0594     25.5057      0.4306      0.2737     -0.2829
A-C     -0.0367      0.0041      0.4306      0.1119      0.0143      0.0035
A-C     -0.0442      0.0572      0.2737      0.0143      0.0808      0.0270
A-C     -0.0406     -0.0508     -0.2829      0.0035      0.0270      0.0733
# comment next block is  AG
A-G      3.1951      1.3612      2.6885     -0.2832      0.0044      0.1629
A-G      1.3612      7.2843      5.4028     -0.1454      0.0993      0.0915
A-G      2.6885      5.4028     31.2180     -1.0790     -0.0043     -0.1499
A-G     -0.2832     -0.1454     -1.0790      0.1497      0.0257      0.0051
A-G      0.0044      0.0993     -0.0043      0.0257      0.0956      0.0148
A-G      0.1629      0.0915     -0.1499      0.0051      0.0148      0.0635
# comment next block is  AT
A-T      3.1679      0.0000      0.0000     -0.1513      0.0000      0.0000
A-T      0.0000     11.2524      0.5417      0.0000     -0.0635     -0.0955
A-T      0.0000      0.5417     28.5954      0.0000     -0.0406     -0.4672
A-T     -0.1513      0.0000      0.0000      0.1665      0.0000      0.0000
A-T      0.0000     -0.0635     -0.0406      0.0000      0.0555      0.0294
A-T      0.0000     -0.0955     -0.4672      0.0000      0.0294      0.0712
# comment next block is  CA
C-A      3.8032      0.8834      1.8867     -0.0380      0.0170     -0.0897
C-A      0.8834      2.3942      2.3654      0.0618      0.0807     -0.1838
C-A      1.8867      2.3654     17.6096      0.1791      0.0030     -0.3188
C-A     -0.0380      0.0618      0.1791      0.0817     -0.0009     -0.0158
C-A      0.0170      0.0807      0.0030     -0.0009      0.0476      0.0069
C-A     -0.0897     -0.1838     -0.3188     -0.0158      0.0069      0.0433
# comment next block is  CC
C-C      2.4738     -0.3957     -1.8634     -0.2384     -0.1253     -0.0384
C-C     -0.3957      3.5160      5.3540      0.1642      0.1470     -0.0574
C-C     -1.8634      5.3540     29.6652      0.8488      0.4415     -0.1836
C-C     -0.2384      0.1642      0.8488      0.1198      0.0037      0.0078
C-C     -0.1253      0.1470      0.4415      0.0037      0.0643     -0.0008
C-C     -0.0384     -0.0574     -0.1836      0.0078     -0.0008      0.0410
# comment next block is  CG
C-G      1.5949      0.0000      0.0000     -0.1378      0.0000      0.0000
C-G      0.0000      3.3209      0.2221      0.0000      0.0044      0.0553
C-G      0.0000      0.2221     15.0761      0.0000     -0.0179     -0.1680
C-G     -0.1378      0.0000      0.0000      0.0680      0.0000      0.0000
C-G      0.0000      0.0044     -0.0179      0.0000      0.0503      0.0237
C-G      0.0000      0.0553     -0.1680      0.0000      0.0237      0.0467
# comment next block is  CT
C-T      3.1951     -1.3612     -2.6885     -0.2832     -0.0044     -0.1629
C-T     -1.3612      7.2843      5.4028      0.1454      0.0993      0.0915
C-T     -2.6885      5.4028     31.2180      1.0790     -0.0043     -0.1499
C-T     -0.2832      0.1454      1.0790      0.1497     -0.0257     -0.0051
C-T     -0.0044      0.0993     -0.0043     -0.0257      0.0956      0.0148
C-T     -0.1629      0.0915     -0.1499     -0.0051      0.0148      0.0635
# comment next block is  GA
G-A      6.4335      1.7108     -0.2105     -0.1234     -0.0152      0.0926
G-A      1.7108      2.7556     -0.2573      0.0683     -0.0500     -0.0691
G-A     -0.2105     -0.2573     22.5484     -0.4817      0.3557     -0.4121
G-A     -0.1234      0.0683     -0.4817      0.0859     -0.0093     -0.0004
G-A     -0.0152     -0.0500      0.3557     -0.0093      0.0459      0.0114
G-A      0.0926     -0.0691     -0.4121     -0.0004      0.0114      0.0716
# comment next block is  GC
G-C      3.3913      0.0000      0.0000     -0.2381      0.0000      0.0000
G-C      0.0000      5.7000      5.5445      0.0000      0.3686     -0.1421
G-C      0.0000      5.5445     22.8550      0.0000      0.5297     -0.1978
G-C     -0.2381      0.0000      0.0000      0.0823      0.0000      0.0000
G-C      0.0000      0.3686      0.5297      0.0000      0.0781      0.0066
G-C      0.0000     -0.1421     -0.1978      0.0000      0.0066      0.0550
# comment next block is  GG
G-G      2.4738      0.3957      1.8634     -0.2384      0.1253      0.0384
G-G      0.3957      3.5160      5.3540     -0.1642      0.1470     -0.0574
G-G      1.8634      5.3540     29.6652     -0.8488      0.4415     -0.1836
G-G     -0.2384     -0.1642     -0.8488      0.1198     -0.0037     -0.0078
G-G      0.1253      0.1470      0.4415     -0.0037      0.0643     -0.0008
G-G      0.0384     -0.0574     -0.1836     -0.0078     -0.0008      0.0410
# comment next block is  GT
G-T      2.9168      0.0722      0.7035     -0.0367      0.0442      0.0406
G-T      0.0722      6.2915      3.0594     -0.0041      0.0572     -0.0508
G-T      0.7035      3.0594     25.5057     -0.4306      0.2737     -0.2829
G-T     -0.0367     -0.0041     -0.4306      0.1119     -0.0143     -0.0035
G-T      0.0442      0.0572      0.2737     -0.0143      0.0808      0.0270
G-T      0.0406     -0.0508     -0.2829     -0.0035      0.0270      0.0733
# comment next block is  TA
T-A      3.9251      0.0000      0.0000     -0.1812      0.0000      0.0000
T-A      0.0000      2.3417      0.4484      0.0000      0.0602     -0.0716
T-A      0.0000      0.4484     21.4245      0.0000     -0.0899     -0.4916
T-A     -0.1812      0.0000      0.0000      0.1482      0.0000      0.0000
T-A      0.0000      0.0602     -0.0899      0.0000      0.0293      0.0131
T-A      0.0000     -0.0716     -0.4916      0.0000      0.0131      0.0519
# comment next block is  TC
T-C      6.4335     -1.7108      0.2105     -0.1234      0.0152     -0.0926
T-C     -1.7108      2.7556     -0.2573     -0.0683     -0.0500     -0.0691
T-C      0.2105     -0.2573     22.5484      0.4817      0.3557     -0.4121
T-C     -0.1234     -0.0683      0.4817      0.0859      0.0093      0.0004
T-C      0.0152     -0.0500      0.3557      0.0093      0.0459      0.0114
T-C     -0.0926     -0.0691     -0.4121      0.0004      0.0114      0.0716
# comment next block is  TG
T-G      3.8032     -0.8834     -1.8867     -0.0380     -0.0170      0.0897
T-G     -0.8834      2.3942      2.3654     -0.0618      0.0807     -0.1838
T-G     -1.8867      2.3654     17.6096     -0.1791      0.0030     -0.3188
T-G     -0.0380     -0.0618     -0.1791      0.0817      0.0009      0.0158
T-G     -0.0170      0.0807      0.0030      0.0009      0.0476      0.0069
T-G      0.0897     -0.1838     -0.3188      0.0158      0.0069      0.0433
# comment next block is  TT
T-T      4.0362     -1.6570     -2.1884     -0.1544     -0.0177     -0.1787
T-T     -1.6570      6.1920      1.7612      0.1046     -0.1336      0.0282
T-T     -2.1884      1.7612     22.0544      0.3060      0.0848      0.0835
T-T     -0.1544      0.1046      0.3060      0.0999      0.0013     -0.0004
T-T     -0.0177     -0.1336      0.0848      0.0013      0.0487      0.0312
T-T     -0.1787      0.0282      0.0835     -0.0004      0.0312      0.0926
