# comment next block is  AA
A-A      7.2501      0.9065     -1.5316      0.1563     -0.1421      0.0780
A-A      0.9065     13.7255     -2.6612      0.4431     -0.3174     -0.1602
A-A     -1.5316     -2.6612     43.7964     -1.1519     -0.1449     -0.4763
A-A      0.1563      0.4431     -1.1519      0.1509      0.0048      0.0109
A-A     -0.1421     -0.3174     -0.1449      0.0048      0.0882      0.0321
A-A      0.0780     -0.1602     -0.4763      0.0109      0.0321      0.0939
# comment next block is  AC
A-C     29.8950     20.7503     -1.7472     -2.3995     -0.1789     -0.1239
A-C     20.7503     36.8878    -18.2612     -0.9348      0.0103     -1.8875
A-C     -1.7472    -18.2612     48.9399     -0.6900      0.2949      1.5220
A-C     -2.3995     -0.9348     -0.6900      0.3076     -0.0095     -0.0528
A-C     -0.1789      0.0103      0.2949     -0.0095      0.0641      0.0070
A-C     -0.1239     -1.8875      1.5220     -0.0528      0.0070      0.1973
# comment next block is  AG
A-G     16.6689     -5.5417      6.2245      0.3430     -0.7362     -0.3145
A-G     -5.5417     15.9307     11.4594      0.1152     -0.1264      1.0662
A-G      6.2245     11.4594    107.4262     -1.4420      1.6510      0.9112
A-G      0.3430      0.1152     -1.4420      0.1948      0.0148      0.0193
A-G     -0.7362     -0.1264      1.6510      0.0148      0.3310      0.0195
A-G     -0.3145      1.0662      0.9112      0.0193      0.0195      0.1204
# comment next block is  AT
A-T      6.8508      0.0000      0.0000     -0.1726      0.0000      0.0000
A-T      0.0000     25.5017     -1.1885      0.0000     -0.0441      0.1936
A-T      0.0000     -1.1885     36.4622      0.0000      0.2927     -0.3331
A-T     -0.1726      0.0000      0.0000      0.1618      0.0000      0.0000
A-T      0.0000     -0.0441      0.2927      0.0000      0.1168      0.0582
A-T      0.0000      0.1936     -0.3331      0.0000      0.0582      0.1248
# comment next block is  CA
C-A     10.5285     -2.5455     -1.4267      0.0409     -0.3663     -0.1474
C-A     -2.5455      5.7772      3.4987      0.0038      0.5292     -0.1701
C-A     -1.4267      3.4987     45.2795      0.7991     -0.0063     -0.4914
C-A      0.0409      0.0038      0.7991      0.1421      0.0128      0.0126
C-A     -0.3663      0.5292     -0.0063      0.0128      0.1603      0.0536
C-A     -0.1474     -0.1701     -0.4914      0.0126      0.0536      0.0632
# comment next block is  CC
C-C     32.6697    -43.2252    -99.2382     -2.2444      1.2532     -1.0182
C-C    -43.2252    387.0473    363.8259     13.6355     11.2817      1.6089
C-C    -99.2382    363.8259    878.1946     33.0228      7.1357     -3.6733
C-C     -2.2444     13.6355     33.0228      1.5044      0.4041     -0.2577
C-C      1.2532     11.2817      7.1357      0.4041      0.7926      0.0301
C-C     -1.0182      1.6089     -3.6733     -0.2577      0.0301      0.2271
# comment next block is  CG
C-G      4.3990      0.0000      0.0000      0.0654      0.0000      0.0000
C-G      0.0000     17.0499      1.1603      0.0000      0.3483      0.3020
C-G      0.0000      1.1603     29.4297      0.0000      0.2249     -0.7231
C-G      0.0654      0.0000      0.0000      0.0836      0.0000      0.0000
C-G      0.0000      0.3483      0.2249      0.0000      0.0838      0.0126
C-G      0.0000      0.3020     -0.7231      0.0000      0.0126      0.0715
# comment next block is  CT
C-T     16.6689      5.5417     -6.2245      0.3430      0.7362      0.3145
C-T      5.5417     15.9307     11.4594     -0.1152     -0.1264      1.0662
C-T     -6.2245     11.4594    107.4262      1.4420      1.6510      0.9112
C-T      0.3430     -0.1152      1.4420      0.1948     -0.0148     -0.0193
C-T      0.7362     -0.1264      1.6510     -0.0148      0.3310      0.0195
C-T      0.3145      1.0662      0.9112     -0.0193      0.0195      0.1204
# comment next block is  GA
G-A     16.8636      6.1719     17.8136     -1.3024      0.0619     -0.4602
G-A      6.1719     14.0049     -1.2298     -0.1005     -0.1023     -0.4220
G-A     17.8136     -1.2298     77.5836     -3.4400      0.3948     -0.7070
G-A     -1.3024     -0.1005     -3.4400      0.3162      0.0271      0.0647
G-A      0.0619     -0.1023      0.3948      0.0271      0.1046      0.0489
G-A     -0.4602     -0.4220     -0.7070      0.0647      0.0489      0.1542
# comment next block is  GC
G-C      1.9714      0.0000      0.0000     -0.2702      0.0000      0.0000
G-C      0.0000     29.2996     19.8974      0.0000      0.6174     -1.2348
G-C      0.0000     19.8974     65.9472      0.0000      0.8041     -0.7720
G-C     -0.2702      0.0000      0.0000      0.1059      0.0000      0.0000
G-C      0.0000      0.6174      0.8041      0.0000      0.0768      0.0037
G-C      0.0000     -1.2348     -0.7720      0.0000      0.0037      0.1789
# comment next block is  GG
G-G     32.6697     43.2252     99.2382     -2.2444     -1.2532      1.0182
G-G     43.2252    387.0473    363.8259    -13.6355     11.2817      1.6089
G-G     99.2382    363.8259    878.1946    -33.0228      7.1357     -3.6733
G-G     -2.2444    -13.6355    -33.0228      1.5044     -0.4041      0.2577
G-G     -1.2532     11.2817      7.1357     -0.4041      0.7926      0.0301
G-G      1.0182      1.6089     -3.6733      0.2577      0.0301      0.2271
# comment next block is  GT
G-T     29.8950    -20.7503      1.7472     -2.3995      0.1789      0.1239
G-T    -20.7503     36.8878    -18.2612      0.9348      0.0103     -1.8875
G-T      1.7472    -18.2612     48.9399      0.6900      0.2949      1.5220
G-T     -2.3995      0.9348      0.6900      0.3076      0.0095      0.0528
G-T      0.1789      0.0103      0.2949      0.0095      0.0641      0.0070
G-T      0.1239     -1.8875      1.5220      0.0528      0.0070      0.1973
# comment next block is  TA
T-A      7.0439      0.0000      0.0000     -0.1951      0.0000      0.0000
T-A      0.0000      5.9047     13.4098      0.0000     -0.4017     -1.0970
T-A      0.0000     13.4098     81.0888      0.0000     -0.6366     -2.3249
T-A     -0.1951      0.0000      0.0000      0.1009      0.0000      0.0000
T-A      0.0000     -0.4017     -0.6366      0.0000      0.1486      0.1407
T-A      0.0000     -1.0970     -2.3249      0.0000      0.1407      0.2724
# comment next block is  TC
T-C     16.8636     -6.1719    -17.8136     -1.3024     -0.0619      0.4602
T-C     -6.1719     14.0049     -1.2298      0.1005     -0.1023     -0.4220
T-C    -17.8136     -1.2298     77.5836      3.4400      0.3948     -0.7070
T-C     -1.3024      0.1005      3.4400      0.3162     -0.0271     -0.0647
T-C     -0.0619     -0.1023      0.3948     -0.0271      0.1046      0.0489
T-C      0.4602     -0.4220     -0.7070     -0.0647      0.0489      0.1542
# comment next block is  TG
T-G     10.5285      2.5455      1.4267      0.0409      0.3663      0.1474
T-G      2.5455      5.7772      3.4987     -0.0038      0.5292     -0.1701
T-G      1.4267      3.4987     45.2795     -0.7991     -0.0063     -0.4914
T-G      0.0409     -0.0038     -0.7991      0.1421     -0.0128     -0.0126
T-G      0.3663      0.5292     -0.0063     -0.0128      0.1603      0.0536
T-G      0.1474     -0.1701     -0.4914     -0.0126      0.0536      0.0632
# comment next block is  TT
T-T      7.2501     -0.9065      1.5316      0.1563      0.1421     -0.0780
T-T     -0.9065     13.7255     -2.6612     -0.4431     -0.3174     -0.1602
T-T      1.5316     -2.6612     43.7964      1.1519     -0.1449     -0.4763
T-T      0.1563     -0.4431      1.1519      0.1509     -0.0048     -0.0109
T-T      0.1421     -0.3174     -0.1449     -0.0048      0.0882      0.0321
T-T     -0.0780     -0.1602     -0.4763     -0.0109      0.0321      0.0939
